Riverindex	i	j	yearmean kg/a	J kg/month	F kg/month	M kg/month	A kg/month	M kg/month	J kg/month	J kg/month	A kg/month	S kg/month	O kg/month	N kg/month	D kg/month	year	latitude	longitude
1	71	93	0.9300	0.0700	0.0600	0.1300	0.0900	0.0500	0.0400	0.0600	0.0400	0.0800	0.1300	0.0700	0.1100	2004	58.98203621	11.45969334
2	70	93	53.1500	3.2000	2.7100	2.8900	4.6800	8.1600	4.2600	4.9800	3.6200	5.3300	5.9400	3.4700	3.9100	2004	59.11843506	11.21760807
3	68	90	0.3900	0.0300	0.0300	0.0600	0.0400	0.0300	0.0100	0.0200	0.0100	0.0300	0.0600	0.0300	0.0400	2004	59.24310419	10.69825174
4	66	90	0.0959	0.0087	0.0100	0.0100	0.0100	0.0080	0.0050	0.0056	0.0041	0.0082	0.0100	0.0078	0.0086	2004	59.51265374	10.68421466
5	66	90	0.0875	0.0076	0.0090	0.0100	0.0099	0.0075	0.0046	0.0049	0.0033	0.0067	0.0100	0.0063	0.0076	2004	59.72083577	10.61974261
6	66	90	0.5500	0.0200	0.0200	0.0600	0.1100	0.0600	0.0400	0.0400	0.0200	0.0500	0.0700	0.0300	0.0300	2004	59.83499552	10.76846065
7	66	90	0.1648	0.0076	0.0071	0.0100	0.0400	0.0200	0.0100	0.0100	0.0100	0.0100	0.0200	0.0100	0.0100	2004	59.89973785	10.66495429
8	66	90	0.0364	0.0015	0.0015	0.0047	0.0068	0.0039	0.0023	0.0025	0.0018	0.0027	0.0042	0.0022	0.0023	2004	59.87761053	10.58421296
9	66	89	0.0793	0.0044	0.0053	0.0100	0.0100	0.0095	0.0050	0.0050	0.0031	0.0054	0.0097	0.0057	0.0062	2004	59.82727854	10.50047042
11	66	89	0.3900	0.0100	0.0100	0.0400	0.0900	0.0500	0.0300	0.0300	0.0200	0.0300	0.0400	0.0200	0.0200	2004	59.56982035	10.4313216
12	66	89	12.7900	0.9700	0.9600	0.9700	1.2300	2.0700	0.7000	0.9300	0.5800	1.1600	1.2800	0.9800	0.9600	2004	59.68241784	10.32717809
13	66	89	0.1198	0.0076	0.0076	0.0100	0.0200	0.0100	0.0096	0.0099	0.0060	0.0098	0.0100	0.0096	0.0096	2004	59.53085366	10.35165051
14	68	90	0.6600	0.0400	0.0400	0.1100	0.0900	0.0600	0.0300	0.0400	0.0300	0.0500	0.0800	0.0400	0.0500	2004	59.25507558	10.445043
15	71	88	6.3500	0.3400	0.2900	0.4100	0.9000	0.9400	0.5600	0.4400	0.3800	0.4500	0.7000	0.4600	0.4800	2004	59.08518362	10.2855794
16	71	85	13.2700	1.0300	0.9700	0.9900	1.5400	1.5800	0.7100	0.7400	0.9300	1.1400	1.2900	1.1600	1.1900	2004	58.98222176	9.82745852
17	71	85	1.2500	0.1000	0.0800	0.1700	0.1600	0.1400	0.0700	0.0700	0.0500	0.0800	0.1600	0.0900	0.0800	2004	59.00393193	9.7256991
18	73	83	0.8100	0.0800	0.0700	0.1200	0.0900	0.0700	0.0400	0.0400	0.0200	0.0500	0.1200	0.0600	0.0500	2004	58.79558109	9.42560956
19	77	79	3.7200	0.2600	0.2000	0.4000	0.5100	0.4400	0.2200	0.2400	0.1700	0.2500	0.5200	0.2600	0.2500	2004	58.46689142	8.8882228
20	79	77	6.2500	0.5500	0.4200	0.7800	0.7100	0.4800	0.3300	0.3500	0.2600	0.4400	1.0100	0.5000	0.4200	2004	58.26962131	8.52673961
21	80	75	20.6200	1.8600	2.0700	2.1200	2.0400	1.3300	0.8500	0.7500	1.0300	1.7600	2.6600	2.0200	2.1300	2004	58.21514605	8.05652096
22	81	73	3.2400	0.2300	0.1800	0.2700	0.3600	0.3800	0.1800	0.1700	0.1500	0.2800	0.4900	0.2500	0.3000	2004	58.05964331	7.8757281
23	81	70	0.5800	0.0600	0.0500	0.0700	0.0500	0.0300	0.0300	0.0200	0.0200	0.0500	0.0900	0.0500	0.0600	2004	58.00627714	7.3572644
24	81	68	1.3300	0.1200	0.1000	0.1100	0.1400	0.0900	0.0700	0.0600	0.0600	0.1300	0.1900	0.1100	0.1500	2004	58.01272743	7.04872394
25	79	66	2.6600	0.1700	0.1500	0.1700	0.2300	0.3700	0.2200	0.1200	0.1100	0.2400	0.3700	0.2100	0.3000	2004	58.14770215	6.58827662
26	79	66	4.9900	0.3900	0.3200	0.3300	0.4500	0.4300	0.3300	0.2400	0.2000	0.4800	0.5900	0.4800	0.7500	2004	58.2467832	6.58677579
27	78	63	2.1400	0.2000	0.1500	0.1600	0.1900	0.1200	0.0900	0.0800	0.0900	0.2300	0.2500	0.2400	0.3400	2004	58.34370219	6.15598936
28	76	60	1.2300	0.1200	0.0900	0.0800	0.0800	0.0500	0.0500	0.0500	0.0800	0.1600	0.1500	0.1500	0.1700	2004	58.53199466	5.68441045
29	71	59	0.0996	0.0100	0.0095	0.0083	0.0082	0.0058	0.0063	0.0058	0.0056	0.0100	0.0100	0.0100	0.0100	2004	58.95359521	5.74207642
30	76	61	1.7500	0.1500	0.1100	0.1200	0.1400	0.1200	0.0800	0.0600	0.0600	0.1600	0.1800	0.2500	0.3200	2004	58.87539301	6.08744609
31	76	61	0.7000	0.0600	0.0500	0.0400	0.0500	0.0500	0.0300	0.0200	0.0200	0.0600	0.0600	0.1100	0.1500	2004	58.93065038	6.11933754
32	76	61	1.3700	0.0900	0.1000	0.0800	0.0900	0.1200	0.0800	0.0400	0.0400	0.1200	0.1100	0.2100	0.2900	2004	58.93949151	6.03770992
35	69	59	2.5100	0.1500	0.1900	0.1600	0.1700	0.2200	0.1800	0.1100	0.0900	0.2500	0.1900	0.3200	0.4800	2004	59.16443587	6.03381813
36	69	59	1.9300	0.0600	0.0800	0.0700	0.0700	0.1600	0.1800	0.2200	0.2800	0.3000	0.2100	0.1600	0.1400	2004	59.38422798	6.10785038
37	69	59	0.2800	0.0100	0.0200	0.0200	0.0200	0.0300	0.0200	0.0100	0.0100	0.0300	0.0200	0.0300	0.0600	2004	59.56122542	6.31793552
38	69	59	0.3100	0.0200	0.0200	0.0200	0.0200	0.0100	0.0100	0.0100	0.0100	0.0400	0.0300	0.0500	0.0700	2004	59.35099681	5.95142056
41	64	57	0.9400	0.0600	0.0600	0.0600	0.0600	0.0600	0.0500	0.0300	0.0300	0.1000	0.0900	0.1400	0.2000	2004	59.63781236	5.49700719
48	60	57	0.5200	0.0100	0.0200	0.0200	0.0300	0.0500	0.0600	0.0600	0.0700	0.0700	0.0400	0.0300	0.0600	2004	60.37187843	6.63019616
49	60	57	1.2800	0.0400	0.0400	0.0300	0.0400	0.1200	0.2200	0.2200	0.1900	0.1300	0.1000	0.0600	0.0900	2004	60.14806755	6.59321987
50	60	57	2.3400	0.0700	0.0800	0.0600	0.1000	0.3600	0.5200	0.3500	0.2300	0.1800	0.1300	0.0900	0.1700	2004	60.38165829	6.7025509
51	60	57	0.2500	0.0100	0.0200	0.0100	0.0200	0.0400	0.0400	0.0200	0.0200	0.0200	0.0100	0.0100	0.0300	2004	60.51772123	6.96921754
55	60	57	1.1000	0.0700	0.0800	0.0800	0.1000	0.1000	0.0800	0.0400	0.0300	0.1100	0.0800	0.1300	0.2000	2004	60.17706531	5.59164819
61	58	56	0.5800	0.0300	0.0400	0.0400	0.0500	0.0700	0.0400	0.0200	0.0200	0.0600	0.0400	0.0600	0.1100	2004	60.49735544	5.3731542
62	60	57	3.6700	0.0500	0.1400	0.1300	0.3500	0.6600	0.4600	0.2700	0.1900	0.4700	0.1900	0.3800	0.3800	2004	60.62978272	5.81646709
63	60	57	1.1900	0.0600	0.0600	0.0700	0.1000	0.1900	0.1500	0.0600	0.0300	0.1000	0.0600	0.0900	0.2200	2004	60.68161945	5.74764088
64	58	56	1.1100	0.0800	0.0700	0.0800	0.1000	0.1300	0.1100	0.0600	0.0300	0.0900	0.0600	0.0900	0.2100	2004	60.75669868	5.73749656
71	41	57	0.4500	0.0200	0.0200	0.0200	0.0300	0.0700	0.0600	0.0500	0.0400	0.0500	0.0200	0.0200	0.0500	2004	61.16045194	6.69586558
72	60	57	1.2600	0.0400	0.0500	0.0400	0.0700	0.1700	0.2500	0.2000	0.1100	0.1300	0.0800	0.0500	0.0700	2004	60.97142744	7.06840553
73	41	57	1.2500	0.0400	0.0400	0.0300	0.0700	0.2000	0.2900	0.1800	0.1000	0.1000	0.0700	0.0500	0.0800	2004	61.13614981	7.29508415
74	41	57	3.7000	0.1200	0.1100	0.0900	0.1900	0.5200	0.7400	0.6500	0.4300	0.3400	0.1900	0.1300	0.1900	2004	61.16224639	7.43465139
75	41	57	1.8200	0.0700	0.0600	0.0500	0.0800	0.2000	0.3400	0.3300	0.2600	0.1900	0.1000	0.0600	0.0800	2004	61.24016154	7.4096183
76	41	57	4.5200	0.1500	0.1300	0.1200	0.1900	0.4000	0.5900	0.6400	0.9900	0.6400	0.2900	0.1700	0.2100	2004	61.39619302	7.34470776
77	41	57	1.1600	0.0600	0.0600	0.0500	0.0700	0.1300	0.1300	0.1200	0.1600	0.1300	0.0700	0.0600	0.1200	2004	61.16654956	7.37805746
83	47	55	1.8400	0.1000	0.1000	0.0900	0.1400	0.2100	0.2000	0.1300	0.1200	0.1900	0.1100	0.1500	0.3000	2004	61.36615891	5.49831219
84	47	55	2.9400	0.1600	0.1800	0.1700	0.2700	0.3500	0.3100	0.1800	0.1600	0.2800	0.1600	0.2300	0.4900	2004	61.34752371	5.10692327
85	42	56	1.3700	0.0900	0.1000	0.0900	0.1200	0.1400	0.1000	0.0600	0.0500	0.1300	0.0800	0.1300	0.2800	2004	61.54808364	5.26242934
86	42	56	1.3700	0.0700	0.0700	0.0700	0.1100	0.1500	0.1300	0.1000	0.1000	0.1600	0.0900	0.0900	0.2300	2004	61.72198285	5.06869269
87	41	57	1.6900	0.0500	0.0600	0.0600	0.1300	0.2100	0.2300	0.1800	0.2000	0.1900	0.1000	0.0900	0.1900	2004	61.81429976	6.07125734
88	41	57	2.3100	0.0600	0.0600	0.0600	0.1200	0.2200	0.3000	0.3200	0.4800	0.3200	0.1400	0.0800	0.1500	2004	61.85740989	6.7447065
89	41	57	0.9000	0.0600	0.0600	0.0600	0.1000	0.1100	0.0700	0.0400	0.0300	0.0800	0.0500	0.0700	0.1700	2004	61.8417912	6.43685092
101	98	103	1.6000	0.1333	0.1333	0.1333	0.1333	0.1333	0.1333	0.1333	0.1333	0.1333	0.1333	0.1333	0.1333	2004	56.12169444	13.14527778
102	96	104	10.9000	0.9083	0.9083	0.9083	0.9083	0.9083	0.9083	0.9083	0.9083	0.9083	0.9083	0.9083	0.9083	2004	56.51566667	13.05158333
103	95	103	7.7000	0.6417	0.6417	0.6417	0.6417	0.6417	0.6417	0.6417	0.6417	0.6417	0.6417	0.6417	0.6417	2004	56.69147222	12.87366667
104	92	101	6.2000	0.5167	0.5167	0.5167	0.5167	0.5167	0.5167	0.5167	0.5167	0.5167	0.5167	0.5167	0.5167	2004	56.90313889	12.49463889
105	88	99	1.8000	0.1500	0.1500	0.1500	0.1500	0.1500	0.1500	0.1500	0.1500	0.1500	0.1500	0.1500	0.1500	2004	57.23938889	12.30905556
106	84	97	22.9000	1.9083	1.9083	1.9083	1.9083	1.9083	1.9083	1.9083	1.9083	1.9083	1.9083	1.9083	1.9083	2004	57.76386111	12.00238889
107	78	95	0.7000	0.0583	0.0583	0.0583	0.0583	0.0583	0.0583	0.0583	0.0583	0.0583	0.0583	0.0583	0.0583	2004	58.34711111	11.93927778
108	78	95	3.4000	0.2833	0.2833	0.2833	0.2833	0.2833	0.2833	0.2833	0.2833	0.2833	0.2833	0.2833	0.2833	2004	58.46036111	11.68586111
109	75	94	0.7000	0.0583	0.0583	0.0583	0.0583	0.0583	0.0583	0.0583	0.0583	0.0583	0.0583	0.0583	0.0583	2004	58.87716667	11.53738889
110	75	94	1.2000	0.1000	0.1000	0.1000	0.1000	0.1000	0.1000	0.1000	0.1000	0.1000	0.1000	0.1000	0.1000	2004	58.87716667	11.53738889
201	104	86	3.1000	0.2583	0.2583	0.2583	0.2583	0.2583	0.2583	0.2583	0.2583	0.2583	0.2583	0.2583	0.2583	2004	55.62246166	9.986466
301	118	78	6.0000	0.5000	0.5000	0.5000	0.5000	0.5000	0.5000	0.5000	0.5000	0.5000	0.5000	0.5000	0.5000	2004	54.338681	9.139071
302	116	86	0.0000	0.0000	0.0000	0.0000	0.0000	0.0000	0.0000	0.0000	0.0000	0.0000	0.0000	0.0000	0.0000	2004	53.542306	9.881445
303	124	70	40.0000	3.3333	3.3333	3.3333	3.3333	3.3333	3.3333	3.3333	3.3333	3.3333	3.3333	3.3333	3.3333	2004	53.026604	7.31591
304	118	78	400.0000	33.3333	33.3333	33.3333	33.3333	33.3333	33.3333	33.3333	33.3333	33.3333	33.3333	33.3333	33.3333	2004	54.338681	9.139071
401	136	53	18.0000	1.5000	1.5000	1.5000	1.5000	1.5000	1.5000	1.5000	1.5000	1.5000	1.5000	1.5000	1.5000	2004	52.46583333	4.62194444
402	128	57	221.6000	18.4667	18.4667	18.4667	18.4667	18.4667	18.4667	18.4667	18.4667	18.4667	18.4667	18.4667	18.4667	2004	52.88773	5.25244
403	142	50	157.6000	13.1333	13.1333	13.1333	13.1333	13.1333	13.1333	13.1333	13.1333	13.1333	13.1333	13.1333	13.1333	2004	51.82944444	4.0525
404	140	51	1164.0000	97.0000	97.0000	97.0000	97.0000	97.0000	97.0000	97.0000	97.0000	97.0000	97.0000	97.0000	97.0000	2004	51.90444444	4.26388889
501	149	43	1.5532	0.1294	0.1294	0.1294	0.1294	0.1294	0.1294	0.1294	0.1294	0.1294	0.1294	0.1294	0.1294	2004	51.12777778	2.80333333
502	142	50	143.0115	11.9176	11.9176	11.9176	11.9176	11.9176	11.9176	11.9176	11.9176	11.9176	11.9176	11.9176	11.9176	2004	51.35388889	4.24194444
601	161	33	105.0000	8.7500	8.7500	8.7500	8.7500	8.7500	8.7500	8.7500	8.7500	8.7500	8.7500	8.7500	8.7500	2004	49.30986116	1.23587258
602	168	25	0.1785	0.0149	0.0149	0.0149	0.0149	0.0149	0.0149	0.0149	0.0149	0.0149	0.0149	0.0149	0.0149	2004	49.18278931	-0.16477569
603	166	19	0.1450	0.0121	0.0121	0.0121	0.0121	0.0121	0.0121	0.0121	0.0121	0.0121	0.0121	0.0121	0.0121	2004	49.35218177	-1.33897482
604	167	24	0.5240	0.0437	0.0437	0.0437	0.0437	0.0437	0.0437	0.0437	0.0437	0.0437	0.0437	0.0437	0.0437	2004	49.15105269	-0.38348137
605	167	23	0.1147	0.0096	0.0096	0.0096	0.0096	0.0096	0.0096	0.0096	0.0096	0.0096	0.0096	0.0096	0.0096	2004	49.28965269	-0.53141474
606	167	26	0.1723	0.0144	0.0144	0.0144	0.0144	0.0144	0.0144	0.0144	0.0144	0.0144	0.0144	0.0144	0.0144	2004	49.30302986	0.14659294
607	167	20	0.4390	0.0366	0.0366	0.0366	0.0366	0.0366	0.0366	0.0366	0.0366	0.0366	0.0366	0.0366	0.0366	2004	49.31806579	-1.09373081
608	160	34	0.4090	0.0341	0.0341	0.0341	0.0341	0.0341	0.0341	0.0341	0.0341	0.0341	0.0341	0.0341	0.0341	2004	50.0462542	1.44695534
609	161	32	0.2968	0.0247	0.0247	0.0247	0.0247	0.0247	0.0247	0.0247	0.0247	0.0247	0.0247	0.0247	0.0247	2004	49.88272274	0.95301851
610	167	20	0.1597	0.0133	0.0133	0.0133	0.0133	0.0133	0.0133	0.0133	0.0133	0.0133	0.0133	0.0133	0.0133	2004	48.6961547	-1.34613357
611	166	19	0.2398	0.0200	0.0200	0.0200	0.0200	0.0200	0.0200	0.0200	0.0200	0.0200	0.0200	0.0200	0.0200	2004	48.9830952	-1.46335296
612	165	27	0.1794	0.0150	0.0150	0.0150	0.0150	0.0150	0.0150	0.0150	0.0150	0.0150	0.0150	0.0150	0.0150	2004	49.36367411	0.49389961
613	161	33	0.3330	0.0277	0.0277	0.0277	0.0277	0.0277	0.0277	0.0277	0.0277	0.0277	0.0277	0.0277	0.0277	2004	49.28714615	1.20861348
614	159	35	0.0000	0.0000	0.0000	0.0000	0.0000	0.0000	0.0000	0.0000	0.0000	0.0000	0.0000	0.0000	0.0000	2004	50.12252885	1.78018909
701	101	7	0.0674	0.0056	0.0056	0.0056	0.0056	0.0056	0.0056	0.0056	0.0056	0.0056	0.0056	0.0056	0.0056	2004	0	0
702	111	18	0.0674	0.0056	0.0056	0.0056	0.0056	0.0056	0.0056	0.0056	0.0056	0.0056	0.0056	0.0056	0.0056	2004	0	0
703	115	20	0.0674	0.0056	0.0056	0.0056	0.0056	0.0056	0.0056	0.0056	0.0056	0.0056	0.0056	0.0056	0.0056	2004	0	0
704	126	27	0.1162	0.0097	0.0097	0.0097	0.0097	0.0097	0.0097	0.0097	0.0097	0.0097	0.0097	0.0097	0.0097	2004	0	0
705	133	28	0.1162	0.0097	0.0097	0.0097	0.0097	0.0097	0.0097	0.0097	0.0097	0.0097	0.0097	0.0097	0.0097	2004	0	0
706	146	32	0.1481	0.0123	0.0123	0.0123	0.0123	0.0123	0.0123	0.0123	0.0123	0.0123	0.0123	0.0123	0.0123	2004	0	0

